3.202726
2.508397
2.701641
8.292643
5.749721
2.08563
4.081459
5.3671
2.792545
7.150816
2.001629
3.732171
3.53343
2.362572
2.416845
2.876329
2.233796
16.77709
3.04185
2.112814
2.532413
4.72148
2.599234
3.103632
4.260776
4.796297
3.686661
2.511121
3.915629
10.12849
2.55595
2.078767
9.632067
3.687529
9.945163
2.799397
3.658344
7.951242
6.049295
4.100744
2.045452
17.39738
2.538372
2.496568
2.456398
3.87928
2.387183
3.352583
2.379411
6.114372
2.965627
2.866895
2.840357
4.186165
3.765546
4.836588
2.353041
7.764378
2.031557
4.002738
3.286883
2.106507
2.535787
6.773651
3.459
2.644887
2.208481
2.095175
4.105452
2.748775
2.067171
10.32984
2.930778
2.127399
3.017834
3.543861
2.68244
4.488475
2.949401
2.472121
2.609413
2.18929
3.142563
3.327769
6.857698
2.744114
2.574457
2.992853
2.887757
7.225225
8.100382
3.353956
6.272138
2.414197
2.648513
6.608906
8.450213
2.484953
2.539502
5.020462
3.399529
2.59911
2.406033
2.002732
3.87329
2.17423
5.421079
3.373791
2.464414
2.402081
4.462216
4.740549
2.053954
2.705321
2.368885
2.20951
2.674303
3.271514
4.07732
2.871905
2.189299
5.473696
3.183218
4.743099
4.081258
5.424194
2.400166
4.267631
4.610731
2.649914
2.781945
2.370366
4.648028
2.164526
2.763288
12.14836
2.015112
2.412321
2.562418
20.10563
4.441941
6.365652
4.815139
2.598105
4.955046
3.986221
2.854927
5.600109
3.17951
2.616518
10.17734
2.228056
5.894708
3.803394
2.949596
2.88759
2.061393
2.674843
3.185592
2.083549
2.29365
2.809142
2.702216
2.322242
3.841352
3.446253
2.376015
2.032322
2.545057
2.151568
3.13504
2.465149
8.30808
2.174719
4.011008
11.56785
2.290102
3.618949
2.590904
5.204968
18.93422
2.113675
2.674594
2.509636
7.478032
2.904414
2.044226
2.245685
2.470601
2.566595
2.460284
3.030189
2.523491
4.068488
2.079733
10.49581
3.19824
2.260459
3.575146
2.919799
